A = [1:5; 6:10; 11:15; 16:20];
v= A(:, 2)
A(4,:)=0




v =

     2
     7
    12
    17


A =

     1     2     3     4     5
     6     7     8     9    10
    11    12    13    14    15
     0     0     0     0     0
