A = [1:5; 6:10; 11:15; 16:20];
v=ones(1,20)
x=v'
A(20,20)=0;
result=v*A*x
